3.2843e-01
3.3154e-01
3.2980e-01
3.2593e-01
3.1787e-01
3.1790e-01
3.1723e-01
3.1781e-01
3.1738e-01
3.1879e-01
3.1860e-01
3.2016e-01
3.1995e-01
3.2181e-01
3.2034e-01
3.1909e-01
3.1168e-01
3.1454e-01
3.1503e-01
3.1430e-01
3.1720e-01
3.2941e-01
3.2376e-01
3.2404e-01
3.2678e-01
3.2156e-01
3.0444e-01
3.0978e-01
3.1064e-01
3.1232e-01
3.1573e-01
3.3740e-01
3.2773e-01
3.2690e-01
3.1512e-01
3.1406e-01
2.9730e-01
3.0826e-01
3.0920e-01
3.3157e-01
3.2947e-01
3.3884e-01
3.3096e-01
3.2791e-01
3.1055e-01
3.1281e-01
3.0844e-01
3.1293e-01
3.1396e-01
3.2990e-01
3.2614e-01
3.2602e-01
3.2330e-01
3.2367e-01
3.1088e-01
3.1506e-01
3.2147e-01
3.2086e-01
3.2141e-01
3.3331e-01
3.3102e-01
3.2419e-01
3.2935e-01
3.2700e-01
3.2120e-01
3.1970e-01
3.1793e-01
3.1860e-01
3.2047e-01
3.2291e-01
3.2327e-01
3.3475e-01
3.2901e-01
3.2614e-01
3.2257e-01
3.2202e-01
3.1128e-01
3.1757e-01
3.2147e-01
3.3508e-01
3.3362e-01
3.3936e-01
3.3182e-01
3.2837e-01
3.1494e-01
3.1793e-01
3.1189e-01
3.1613e-01
3.2065e-01
3.3624e-01
3.2947e-01
3.3252e-01
3.2675e-01
3.2620e-01
3.1079e-01
3.1561e-01
3.1876e-01
3.2074e-01
3.2156e-01
3.3411e-01
3.2990e-01
3.2001e-01
3.2501e-01
3.2101e-01
3.1656e-01
3.1766e-01
3.1839e-01
3.1921e-01
3.1851e-01
3.2074e-01
3.1964e-01
3.2599e-01
3.2132e-01
3.1927e-01
3.1570e-01
3.1641e-01
3.0881e-01
3.1558e-01
3.1735e-01
3.2309e-01
3.2196e-01
3.3136e-01
3.2590e-01
3.2156e-01
3.1055e-01
3.1244e-01
3.0234e-01
3.1015e-01
3.1155e-01
3.3325e-01
3.2642e-01
3.2785e-01
3.2043e-01
3.1949e-01
2.9913e-01
3.0692e-01
3.1985e-01
3.2022e-01
3.2190e-01
3.3694e-01
3.3511e-01
3.1674e-01
3.1781e-01
3.1558e-01
3.0667e-01
3.1155e-01
3.2440e-01
3.2120e-01
3.2318e-01
3.2840e-01
3.2730e-01
3.1305e-01
3.1522e-01
3.1595e-01
3.1656e-01
3.1909e-01
3.3142e-01
3.2816e-01
3.2895e-01
3.2785e-01
3.2675e-01
3.2108e-01
3.2071e-01
3.1854e-01
3.2074e-01
3.1979e-01
3.1708e-01
3.2095e-01
3.2428e-01
3.3044e-01
3.2971e-01
3.2764e-01
3.2541e-01
3.2437e-01
3.1509e-01
3.1796e-01
3.2562e-01
3.2809e-01
3.2986e-01
3.3710e-01
3.3301e-01
3.2175e-01
3.2153e-01
3.2043e-01
3.1091e-01
3.1668e-01
3.2925e-01
3.2669e-01
3.2751e-01
3.3676e-01
3.3246e-01
3.1268e-01
3.1720e-01
3.1711e-01
3.1522e-01
3.1766e-01
3.3514e-01
3.3014e-01
3.3008e-01
3.2538e-01
3.2346e-01
3.1522e-01
3.1744e-01
3.1738e-01
3.1805e-01
3.1836e-01
3.2086e-01
3.2031e-01
3.2025e-01
3.2532e-01
3.2394e-01
3.1812e-01
3.1802e-01
3.1750e-01
3.1036e-01
3.1424e-01
3.1824e-01
3.2040e-01
3.2178e-01
3.3054e-01
3.2645e-01
3.1769e-01
3.1644e-01
3.1613e-01
3.0215e-01
3.0859e-01
3.2123e-01
3.2034e-01
3.2068e-01
3.3142e-01
3.2538e-01
3.0072e-01
3.0759e-01
3.0981e-01
3.1018e-01
3.1421e-01
3.4155e-01
3.3258e-01
3.3212e-01
3.2410e-01
3.2373e-01
3.0444e-01
3.1076e-01
3.1119e-01
3.1964e-01
3.1802e-01
3.3722e-01
3.2538e-01
3.2953e-01
3.1900e-01
3.1931e-01
3.1186e-01
3.1589e-01
3.1744e-01
3.2852e-01
3.2925e-01
3.2959e-01
3.3231e-01
3.3038e-01
3.2224e-01
3.1979e-01
3.2318e-01
3.2184e-01
3.2217e-01
3.1549e-01
3.1918e-01
3.3109e-01
3.2529e-01
3.2715e-01
3.3267e-01
3.2581e-01
3.1586e-01
3.1937e-01
3.1955e-01
3.1952e-01
3.2681e-01
3.3932e-01
3.3234e-01
3.3072e-01
3.3121e-01
3.2501e-01
3.0939e-01
3.1580e-01
3.1735e-01
3.2281e-01
3.2516e-01
3.4073e-01
3.3331e-01
3.3118e-01
3.2178e-01
3.2059e-01
3.0679e-01
3.1564e-01
3.1451e-01
3.2858e-01
3.3038e-01
3.2806e-01
3.2654e-01
3.2513e-01
3.1741e-01
3.1836e-01
3.1705e-01
3.1738e-01
3.1680e-01
3.1931e-01
3.2013e-01
3.2416e-01
3.2318e-01
3.2254e-01
3.2022e-01
3.1946e-01
3.1006e-01
3.1387e-01
3.1375e-01
3.1766e-01
3.1775e-01
3.2919e-01
3.2718e-01
3.2294e-01
3.2114e-01
3.1924e-01
3.0304e-01
3.0829e-01
3.1100e-01
3.1409e-01
3.1772e-01
3.3820e-01
3.2840e-01
3.2782e-01
3.1207e-01
3.1250e-01
2.9855e-01
3.0865e-01
3.0942e-01
3.3517e-01
3.3258e-01
3.3685e-01
3.2993e-01
3.2794e-01
3.0722e-01
3.1046e-01
3.1012e-01
3.1281e-01
3.1500e-01
3.3185e-01
3.2678e-01
3.2489e-01
3.2227e-01
3.2309e-01
3.1036e-01
3.1458e-01
3.2346e-01
3.2187e-01
3.2263e-01
3.3173e-01
3.3130e-01
3.2187e-01
3.2498e-01
3.2278e-01
3.2120e-01
3.2059e-01
3.1723e-01
3.1924e-01
3.1964e-01
3.2315e-01
3.2492e-01
3.3453e-01
3.2990e-01
3.2745e-01
3.2202e-01
3.2254e-01
3.1238e-01
3.1808e-01
3.2184e-01
3.3545e-01
3.3240e-01
3.3572e-01
3.3020e-01
3.2657e-01
3.1516e-01
3.1827e-01
3.1104e-01
3.1766e-01
3.1720e-01
3.3420e-01
3.3060e-01
3.3133e-01
3.2513e-01
3.2367e-01
3.0905e-01
3.1485e-01
3.2349e-01
3.2239e-01
3.2669e-01
3.3221e-01
3.2935e-01
3.1961e-01
3.2172e-01
3.1836e-01
3.1671e-01
3.1735e-01
3.1808e-01
3.1888e-01
3.2010e-01
3.2141e-01
3.1897e-01
3.2217e-01
3.2089e-01
3.1720e-01
3.1476e-01
3.1589e-01
3.1076e-01
3.1509e-01
3.1705e-01
3.2620e-01
3.2532e-01
3.2910e-01
3.2449e-01
3.2150e-01
3.0914e-01
3.1213e-01
3.0307e-01
3.1274e-01
3.1247e-01
3.2968e-01
3.2565e-01
3.2455e-01
3.2053e-01
3.1897e-01
2.9892e-01
3.0658e-01
3.2413e-01
3.2196e-01
3.2376e-01
3.3948e-01
3.3151e-01
3.1512e-01
3.1448e-01
3.1454e-01
3.0649e-01
3.1003e-01
3.2907e-01
3.2391e-01
3.2681e-01
3.2809e-01
3.2657e-01
3.1003e-01
3.1589e-01
3.1604e-01
3.1927e-01
3.2068e-01
3.3319e-01
3.3145e-01
3.3066e-01
3.2635e-01
3.2578e-01
3.2196e-01
3.2074e-01
3.1909e-01
3.1897e-01
3.1848e-01
3.2153e-01
3.2413e-01
3.2535e-01
3.3075e-01
3.2913e-01
3.2712e-01
3.2553e-01
3.2410e-01
3.1403e-01
3.1866e-01
3.2901e-01
3.2782e-01
3.2938e-01
3.3975e-01
3.3505e-01
3.1894e-01
3.1903e-01
3.1873e-01
3.1140e-01
3.1488e-01
3.3084e-01
3.2715e-01
3.2928e-01
3.3340e-01
3.2965e-01
3.1152e-01
3.1522e-01
3.1714e-01
3.1647e-01
3.1903e-01
3.3719e-01
3.3066e-01
3.3154e-01
3.2401e-01
3.2315e-01
3.1445e-01
3.1656e-01
3.1708e-01
3.1860e-01
3.1683e-01
3.2086e-01
3.2040e-01
3.2343e-01
3.2306e-01
3.2239e-01
3.1641e-01
3.1699e-01
3.1735e-01
3.1229e-01
3.1497e-01
3.2034e-01
3.2178e-01
3.2358e-01
3.2913e-01
3.2803e-01
3.1516e-01
3.1512e-01
3.1494e-01
3.0273e-01
3.0923e-01
3.2645e-01
3.2224e-01
3.2217e-01
3.3124e-01
3.2281e-01
3.0188e-01
3.0826e-01
3.1134e-01
3.1305e-01
3.1717e-01
3.4390e-01
3.2977e-01
3.3163e-01
3.2367e-01
3.2260e-01
3.0182e-01
3.1058e-01
3.1110e-01
3.1976e-01
3.2086e-01
3.3258e-01
3.2794e-01
3.2425e-01
3.1808e-01
3.1674e-01
3.1213e-01
3.1638e-01
3.1787e-01
3.3060e-01
3.3057e-01
3.2654e-01
3.2870e-01
3.2843e-01
3.2425e-01
3.2162e-01
3.2037e-01
3.2025e-01
3.2025e-01
3.1866e-01
3.1787e-01
3.3267e-01
3.2791e-01
3.2617e-01
3.3127e-01
3.2666e-01
3.1406e-01
3.1921e-01
3.1992e-01
3.2321e-01
3.2953e-01
3.4137e-01
3.3463e-01
3.3200e-01
3.2791e-01
3.2376e-01
3.0878e-01
3.1549e-01
3.1760e-01
3.2455e-01
3.2599e-01
3.3899e-01
3.3270e-01
3.3075e-01
3.1866e-01
3.1931e-01
3.0847e-01
3.1604e-01
3.1680e-01
3.3014e-01
3.3313e-01
3.2773e-01
3.2687e-01
3.2620e-01
3.1555e-01
3.1610e-01
3.1836e-01
3.1790e-01
3.1754e-01
3.1882e-01
3.1952e-01
3.2205e-01
3.2004e-01
3.2272e-01
3.1866e-01
3.1851e-01
3.0994e-01
3.1296e-01
3.1451e-01
3.1836e-01
3.2120e-01
3.2990e-01
3.2486e-01
3.2590e-01
3.2104e-01
3.1702e-01
3.0173e-01
3.0798e-01
3.1088e-01
3.1866e-01
3.1659e-01
3.3911e-01
3.2858e-01
3.2550e-01
3.0807e-01
3.1033e-01
3.0136e-01
3.0850e-01
3.1195e-01
3.3716e-01
3.3444e-01
3.3334e-01
3.2669e-01
3.2516e-01
3.0533e-01
3.1039e-01
3.1366e-01
3.1467e-01
3.1650e-01
3.3307e-01
3.2910e-01
3.2300e-01
3.2343e-01
3.2013e-01
3.1076e-01
3.1473e-01
3.2608e-01
3.2220e-01
3.2578e-01
3.3231e-01
3.2895e-01
3.2339e-01
3.2394e-01
3.2263e-01
3.2019e-01
3.2092e-01
3.1595e-01
3.1937e-01
3.2037e-01
3.2516e-01
3.2523e-01
3.3441e-01
3.3060e-01
3.2755e-01
3.1833e-01
3.2004e-01
3.1442e-01
3.2013e-01
3.2596e-01
3.3502e-01
3.3405e-01
3.3194e-01
3.2986e-01
3.2574e-01
3.1171e-01
3.1610e-01
3.1439e-01
3.2178e-01
3.2120e-01
3.3554e-01
3.3035e-01
3.2721e-01
3.2599e-01
3.2349e-01
3.0774e-01
3.1445e-01
3.2574e-01
3.2339e-01
3.2742e-01
3.3038e-01
3.2916e-01
3.1693e-01
3.1934e-01
3.1799e-01
3.1693e-01
3.1744e-01
3.1897e-01
3.2007e-01
3.2031e-01
3.1998e-01
3.2486e-01
3.2062e-01
3.1839e-01
3.1766e-01
3.1259e-01
3.1400e-01
3.1204e-01
3.1546e-01
3.1857e-01
3.2797e-01
3.2584e-01
3.3163e-01
3.2242e-01
3.2010e-01
3.0676e-01
3.0960e-01
3.0783e-01
3.1329e-01
3.1412e-01
3.3252e-01
3.2605e-01
3.1955e-01
3.1549e-01
3.1671e-01
2.9898e-01
3.0658e-01
3.2803e-01
3.2440e-01
3.2892e-01
3.3557e-01
3.2938e-01
3.1268e-01
3.1433e-01
3.1299e-01
3.0875e-01
3.1216e-01
3.3069e-01
3.2660e-01
3.2901e-01
3.2434e-01
3.2315e-01
3.0966e-01
3.1509e-01
3.1506e-01
3.1961e-01
3.2141e-01
3.3261e-01
3.2797e-01
3.3078e-01
3.2520e-01
3.2635e-01
3.2028e-01
3.2111e-01
3.1982e-01
3.1897e-01
3.2089e-01
3.2080e-01
3.2523e-01
3.2434e-01
3.3228e-01
3.2834e-01
3.2428e-01
3.2376e-01
3.2281e-01
3.1311e-01
3.1793e-01
3.3081e-01
3.2864e-01
3.2938e-01
3.3325e-01
3.3405e-01
3.1668e-01
3.1705e-01
3.1815e-01
3.1256e-01
3.1876e-01
3.3273e-01
3.2874e-01
3.2993e-01
3.3340e-01
3.2813e-01
3.0893e-01
3.1509e-01
3.1628e-01
3.1934e-01
3.2117e-01
3.3685e-01
3.2916e-01
3.2809e-01
3.2190e-01
3.2224e-01
3.1406e-01
3.1616e-01
3.1583e-01
3.1876e-01
3.1876e-01
3.1854e-01
3.2043e-01
3.2254e-01
3.2385e-01
3.1976e-01
3.1415e-01
3.1580e-01
3.1693e-01
3.1094e-01
3.1503e-01
3.2382e-01
3.2343e-01
3.2269e-01
3.2971e-01
3.2446e-01
3.1335e-01
3.1375e-01
3.1387e-01
3.0402e-01
3.0801e-01
3.3118e-01
3.2468e-01
3.2361e-01
3.2712e-01
3.1998e-01
2.9724e-01
3.0594e-01
3.0811e-01
3.1815e-01
3.2144e-01
3.4271e-01
3.3273e-01
3.3154e-01
3.1769e-01
3.1699e-01
3.0292e-01
3.1113e-01
3.1100e-01
3.2346e-01
3.2169e-01
3.3286e-01
3.2849e-01
3.2672e-01
3.1467e-01
3.1570e-01
3.1442e-01
3.1757e-01
3.1891e-01
3.2977e-01
3.3044e-01
3.2715e-01
3.2669e-01
3.2593e-01
3.2202e-01
3.2050e-01
3.1998e-01
3.1989e-01
3.1982e-01
3.1778e-01
3.2367e-01
3.2932e-01
3.2849e-01
3.2416e-01
3.2977e-01
3.2526e-01
3.1131e-01
3.1738e-01
3.1915e-01
3.2639e-01
3.3023e-01
3.3670e-01
3.3365e-01
3.3026e-01
3.2239e-01
3.2068e-01
3.0875e-01
3.1537e-01
3.1735e-01
3.2666e-01
3.2822e-01
3.3896e-01
3.3170e-01
3.3133e-01
3.1189e-01
3.1589e-01
3.1125e-01
3.1635e-01
3.1818e-01
3.3444e-01
3.3029e-01
3.2797e-01
3.2617e-01
3.2486e-01
3.1619e-01
3.1689e-01
3.1882e-01
3.1622e-01
3.1793e-01
3.2233e-01
3.2248e-01
3.2452e-01
3.2239e-01
3.2007e-01
3.1747e-01
3.1732e-01
3.0975e-01
3.1223e-01
3.1451e-01
3.2123e-01
3.2184e-01
3.3264e-01
3.2513e-01
3.2568e-01
3.1915e-01
3.1787e-01
2.9993e-01
3.0795e-01
3.1097e-01
3.2187e-01
3.2184e-01
3.3517e-01
3.2687e-01
3.2397e-01
3.0493e-01
3.0911e-01
3.0450e-01
3.1168e-01
3.1360e-01
3.3835e-01
3.3337e-01
3.2901e-01
3.2498e-01
3.2242e-01
3.0472e-01
3.1097e-01
3.1595e-01
3.1879e-01
3.1955e-01
3.3157e-01
3.2938e-01
3.1879e-01
3.1946e-01
3.1888e-01
3.1329e-01
3.1665e-01
3.2700e-01
3.2443e-01
3.2761e-01
3.2986e-01
3.2727e-01
3.2281e-01
3.2358e-01
3.2150e-01
3.2153e-01
3.2202e-01
3.1705e-01
3.1958e-01
3.2022e-01
3.2788e-01
3.2587e-01
3.3514e-01
3.2925e-01
3.2703e-01
3.1686e-01
3.1992e-01
3.1729e-01
3.2251e-01
3.2571e-01
3.3505e-01
3.3411e-01
3.3234e-01
3.2651e-01
3.2584e-01
3.1122e-01
3.1519e-01
3.1836e-01
3.2245e-01
3.2181e-01
3.3685e-01
3.3438e-01
3.2288e-01
3.2123e-01
3.1943e-01
3.1015e-01
3.1519e-01
3.2977e-01
3.2404e-01
3.2822e-01
3.2886e-01
3.2825e-01
3.1686e-01
3.1830e-01
3.1671e-01
3.1702e-01
3.1720e-01
3.1836e-01
3.1927e-01
3.2001e-01
3.2452e-01
3.2104e-01
3.2364e-01
3.1845e-01
3.1805e-01
3.1204e-01
3.1354e-01
3.1265e-01
3.1750e-01
3.1812e-01
3.2990e-01
3.2568e-01
3.2803e-01
3.2208e-01
3.1982e-01
3.0414e-01
3.0811e-01
3.1384e-01
3.1686e-01
3.1656e-01
3.3383e-01
3.3109e-01
3.1473e-01
3.1329e-01
3.1451e-01
3.0219e-01
3.0865e-01
3.3603e-01
3.2742e-01
3.3167e-01
3.3511e-01
3.2730e-01
3.0713e-01
3.1104e-01
3.1216e-01
3.1146e-01
3.1323e-01
3.3401e-01
3.2529e-01
3.2568e-01
3.2358e-01
3.2339e-01
3.0786e-01
3.1464e-01
3.1564e-01
3.2291e-01
3.2297e-01
3.3307e-01
3.3026e-01
3.2797e-01
3.2538e-01
3.2416e-01
3.2257e-01
3.1998e-01
3.2062e-01
3.1674e-01
3.2019e-01
3.2086e-01
3.2227e-01
3.2935e-01
3.3246e-01
3.2895e-01
3.2260e-01
3.2150e-01
3.2208e-01
3.1415e-01
3.1967e-01
3.3508e-01
3.2907e-01
3.3252e-01
3.3633e-01
3.2968e-01
3.1479e-01
3.1754e-01
3.1796e-01
3.1375e-01
3.1818e-01
3.3707e-01
3.2941e-01
3.3267e-01
3.2742e-01
3.2513e-01
3.0695e-01
3.1464e-01
3.1619e-01
3.2092e-01
3.2166e-01
3.3347e-01
3.2889e-01
3.2843e-01
3.1827e-01
3.2184e-01
3.1552e-01
3.1760e-01
3.1750e-01
3.1848e-01
3.2083e-01
3.1918e-01
3.2333e-01
3.2001e-01
3.2297e-01
3.2004e-01
3.1415e-01
3.1500e-01
3.1693e-01
3.1189e-01
3.1628e-01
3.2544e-01
3.2373e-01
3.2266e-01
3.3008e-01
3.2339e-01
3.0795e-01
3.1189e-01
3.1085e-01
3.0823e-01
3.1241e-01
3.3533e-01
3.2727e-01
3.2578e-01
3.2245e-01
3.1802e-01
2.9657e-01
3.0698e-01
3.0789e-01
3.2144e-01
3.2614e-01
3.4366e-01
3.3035e-01
3.2983e-01
3.1580e-01
3.1509e-01
3.0371e-01
3.1067e-01
3.1119e-01
3.2700e-01
3.2428e-01
3.2956e-01
3.2755e-01
3.2614e-01
3.1146e-01
3.1555e-01
3.1622e-01
3.1955e-01
3.1854e-01
3.3109e-01
3.3246e-01
3.2376e-01
3.2587e-01
3.2593e-01
3.2224e-01
3.1873e-01
3.1854e-01
3.1842e-01
3.1973e-01
3.1866e-01
3.2089e-01
3.3041e-01
3.2669e-01
3.2813e-01
3.2529e-01
3.2382e-01
3.1180e-01
3.1787e-01
3.1912e-01
3.2928e-01
3.2761e-01
3.4027e-01
3.3136e-01
3.3261e-01
3.2028e-01
3.1921e-01
3.0728e-01
3.1412e-01
3.1577e-01
3.2864e-01
3.2831e-01
3.3652e-01
3.3005e-01
3.2797e-01
3.1253e-01
3.1583e-01
3.1320e-01
3.1750e-01
3.1805e-01
3.3453e-01
3.3057e-01
3.2431e-01
3.2483e-01
3.2153e-01
3.1500e-01
3.1619e-01
3.1711e-01
3.1622e-01
3.1747e-01
3.2056e-01
3.2043e-01
3.2321e-01
3.2306e-01
3.2092e-01
3.1561e-01
3.1604e-01
3.0936e-01
3.1308e-01
3.1482e-01
3.2111e-01
3.2602e-01
3.3215e-01
3.2724e-01
3.2474e-01
3.1445e-01
3.1503e-01
3.0008e-01
3.0692e-01
3.0951e-01
3.2428e-01
3.2230e-01
3.3237e-01
3.2654e-01
3.2117e-01
3.0173e-01
3.0753e-01
3.0981e-01
3.1485e-01
3.1558e-01
3.4085e-01
3.3572e-01
3.2205e-01
3.2477e-01
3.1827e-01
3.0453e-01
3.1006e-01
3.1903e-01
3.1848e-01
3.1882e-01
3.2999e-01
3.2700e-01
3.1625e-01
3.1885e-01
3.1665e-01
3.1326e-01
3.1711e-01
3.2898e-01
3.2709e-01
3.2855e-01
3.3057e-01
3.2874e-01
3.2330e-01
3.2404e-01
3.1848e-01
3.2074e-01
3.2040e-01
3.1573e-01
3.1824e-01
3.2007e-01
3.2712e-01
